26.688260421371258
29.56984277521517
29.166989209443443
29.204146611484543
24.27433263020523
29.747136357391813
31.271148173909097
26.31439118703041
22.625881679141305
28.171845539327148
27.46450265926581
25.80489928581978
26.50762313442864
29.876928844766237
25.266652502100442
29.768756053282218
22.257854788425135
26.724896851311506
31.648222412517377
29.154429597193875
26.872735278202907
25.019760958314635
22.60405623123642
26.52189041670047
32.13163959953255
32.844272728535074
26.699359389548977
27.43041252196101
29.079519740926855
31.058163463615422
22.703157137836087
31.650858941065263
33.1519763366115
29.528207167236488
26.32961843522068
22.644601048803317
29.739007770351023
24.49543235539819
32.998972152387374
31.040996369742984
26.03902106324169
24.99379523081009
23.858083109602173
33.167779350424226
23.95061730932674
25.47475771916229
27.61818811622972
23.465461507885934
28.27315881954385
23.12212927590959
24.91255193638641
32.80695863883996
26.40335817901563
24.718970718877642
25.91944284937202
28.807967272570796
28.37175432343606
29.230002936165505
25.20383201608706
24.86092170639555
29.936195570277405
26.313247082709783
27.967312077206845
27.481925336606988
28.120213904481243
30.871640555297336
23.93295709673088
33.350501481218096
28.260171286215503
23.869567539326937
30.151455995123147
30.42426711313894
24.766658805148573
28.246412307226787
27.506777803112684
27.03327181395952
30.39505858114303
20.693503654957915
28.966121086245998
25.471016168114854
29.88413928922141
30.277501885186755
27.42077794610436
25.950926789195698
27.449994846502864
26.66491194294281
28.097647479791444
31.596949064094314
26.49059660737788
28.999335740589988
26.576413078430786
25.503774207815923
32.29754032629674
32.076858253933565
32.107377629842595
29.20053469424777
29.22383771807687
27.652502338792775
22.732906184980475
26.402308712504794
18.305854363261094
51.04276347367136
0.05248324102612045
38.874313168274334
32.776243458308755
5.063408162765086
27.308987895882346
18.900979523605073
22.44354130359254
20.106321591629687
34.07248960826387
21.65824261876247
15.376013926913924
25.68631116702405
13.111233151409039
6.522369157748912
34.76550583199425
0.0
23.26960596378514
0.0
22.331535249286006
30.417264740863427
34.36771103638125
31.42931384043049
60.25802732215183
27.25770004430529
36.67643567359768
20.16527649001622
9.857714298690258
25.0300207254302
22.462165759114363
47.64056433266925
56.30077566137968
29.866591514104687
0.0
38.74849375930425
51.50404188069227
82.73813470477988
43.77412613058687
43.21519316045812
19.944038842074157
0.0
31.21716208774339
0.0
48.299198668461415
19.190705043143268
12.509269731707265
43.93355742312016
27.05320609566456
31.423308427928422
28.69537048126725
42.07276340579261
38.57076689816656
30.15978075527382
25.402829937448047
42.95821907094302
36.22747103887847
7.785120064368112
25.850879083847204
38.98558270111751
14.697594726641142
9.608344765056295
17.964443644439925
51.7400671920593
13.523939034069713
42.49569182666588
0.0
12.262987528980807
22.48312195948168
24.40919009494111
15.571024522457071
59.18351305221998
52.059344366518914
8.655101560460448
19.05454832211138
46.38466422079882
5.309390936521588
29.855028866064366
10.295911406456188
0.0
39.186941950950555
45.48265020590455
11.988113661601986
63.621126919992946
47.36613496310522
19.466782738692444
47.54382157343866
52.895116273282305
46.747740122043055
1.0423859154852444
0.0
11.480880665174595
32.821027144492554
37.80338058312409
45.603498201835066
34.19999947139975
16.853789829672934
26.770756808278424
63.42341734100094
35.414075946901015
