27.968115579235413
26.90970479843992
29.378936354299874
29.07897093342013
31.124231744481843
25.09626241856208
29.712498943139323
26.419312744848998
28.611986870356624
30.46490993653407
29.99360755564628
30.885655838104945
30.79371973257679
26.39278544583518
32.0894098209065
25.154462163085768
29.28920594807228
29.874494232185302
27.7914443405704
30.57624371735357
29.432187941308946
34.184412116982365
30.988185144632276
27.97362797822532
28.96401798074086
25.810061241981018
29.01903822575163
31.362242164395884
24.6868318387233
25.44625586484713
31.29324960083166
31.60510249189779
22.97950451145921
28.307280452532197
22.2782931357562
30.363774939060146
27.037665446631173
26.39452914563226
27.992110107546512
27.417671229929102
24.01520513237781
27.89699849768434
29.418311382673213
23.896944146729698
24.526534328294215
28.168994497980542
28.075508768209716
26.641424212978137
26.663610490698833
32.503173722523286
27.660552427714848
24.83440342191944
30.71483869174773
26.332466489506686
21.01907892686305
25.963666207042774
30.587859089814785
24.82110160532546
28.845132556464314
26.250715259110386
23.622936598419614
28.65424417019183
24.22978837041326
30.06416233187241
28.499606687890996
27.84660542357487
29.988232528091523
28.369089959755254
27.985018986180144
26.397555643363265
30.405809151343732
27.298452835941962
27.17665390885371
27.11474228615153
27.331491070146658
25.831356823542812
34.918575978821565
27.462841679884015
26.285102612505078
20.992288664240167
26.39569543489838
21.708107153639958
29.78729630130562
29.065658739512372
26.8512215022481
28.404160669422094
28.62937643108982
26.323058885334696
24.156381475288875
27.160044716505745
28.20070468607156
28.620217730315623
27.915899879141183
24.149960114765207
25.298232241258738
28.879216126975788
25.276007945577508
27.08690550329647
30.57913882807624
24.81049156611083
22.054310410643286
41.28507196295807
29.034906449235816
13.002682220371156
40.68345930341458
30.575627637596472
24.06111849167976
53.0595178950838
23.43782735929974
2.580633156603227
40.57006227385105
28.48262743210257
37.431363904830306
39.445447013586744
36.8925117836793
53.45273278880599
11.952460636943835
26.181666467606085
17.706929312118298
31.892496174248986
24.05533841148516
31.762228079270397
24.919703310826907
29.22989084005742
45.97485014810062
33.8271222812318
36.301172158415596
32.146901145048794
19.35756688322673
23.01657042883472
15.911207271938538
29.85778875343127
34.404813534116265
24.57090036384802
49.865386030127134
33.90476802793987
31.250174602109798
32.211127081991805
40.33988309496931
36.63285705375725
20.02429964510483
32.00883457387093
39.33433508019067
32.908210957726695
27.265314429266915
23.083290878360508
34.715064523016636
29.87668339317372
9.670636138769169
20.23650374643028
35.775485604187665
26.150400344673912
31.95560980857806
28.718264095433078
11.91070170531241
12.599613728868295
32.59483076420153
30.446834845782757
24.670876170929304
41.316903342326555
16.501779615759297
44.79252335186098
8.779930150519508
29.52490838159182
39.80429759815696
17.195162650973735
29.609579524637244
29.703744986182418
39.24701800218357
34.105866627046076
26.737317957873323
31.396776061781544
29.721651617884525
11.122618227529262
36.810612582226156
28.010658182791563
35.90098275182616
30.444132248029195
24.250623720156675
22.76706207118027
34.9222709253451
38.12350625822614
23.958677324170253
26.353723801953823
32.44570888646697
31.657855771733335
29.545925269338255
31.412877759029133
22.647472942182652
25.553550477357685
23.246692143381956
19.268067777273963
29.227241686483545
14.196957845429315
13.024538987994116
28.720861345392642
36.86673017271024
33.370608124724896
26.36828995793654
29.731040034080642
