27.968115579235413
26.90970479843992
29.378936354299874
29.07897093342013
31.124231744481843
25.09626241856208
29.712498943139323
26.419312744848998
28.611986870356624
30.46490993653407
29.99360755564628
30.885655838104945
30.79371973257679
26.39278544583518
32.0894098209065
25.154462163085768
29.28920594807228
29.874494232185302
27.7914443405704
30.57624371735357
29.432187941308946
34.184412116982365
30.988185144632276
27.97362797822532
28.96401798074086
25.810061241981018
29.01903822575163
31.362242164395884
24.6868318387233
25.44625586484713
31.29324960083166
31.60510249189779
22.97950451145921
28.307280452532197
22.2782931357562
30.363774939060146
27.037665446631173
26.39452914563226
27.992110107546512
27.417671229929102
24.01520513237781
27.89699849768434
29.418311382673213
23.896944146729698
24.526534328294215
28.168994497980542
28.075508768209716
26.641424212978137
26.663610490698833
32.503173722523286
27.660552427714848
24.83440342191944
30.71483869174773
26.332466489506686
21.01907892686305
25.963666207042774
30.587859089814785
24.82110160532546
28.845132556464314
26.250715259110386
23.622936598419614
28.65424417019183
24.22978837041326
30.06416233187241
28.499606687890996
27.84660542357487
29.988232528091523
28.369089959755254
27.985018986180144
26.397555643363265
30.405809151343732
27.298452835941962
27.17665390885371
27.11474228615153
27.331491070146658
25.831356823542812
34.918575978821565
27.462841679884015
26.285102612505078
20.992288664240167
26.39569543489838
21.708107153639958
29.78729630130562
29.065658739512372
26.8512215022481
28.404160669422094
28.62937643108982
26.323058885334696
24.156381475288875
27.160044716505745
28.20070468607156
28.620217730315623
27.915899879141183
24.149960114765207
25.298232241258738
28.879216126975788
25.276007945577508
27.08690550329647
30.57913882807624
24.81049156611083
16.273945779052546
54.73546888368212
30.235137856237607
0.0
53.53224356459513
33.31658023295892
20.287561941125496
78.28436074793358
19.040979676365446
0.0
53.305449505468076
29.13057982197111
47.02805276742659
51.05621898493946
45.95034852512458
79.07079053537795
0.0
24.528657892978146
7.579183582002571
35.95031730626394
20.27600178073629
35.68978111630676
22.00473157941979
30.625106637880805
64.11502525396722
39.81956952022957
44.76766927459716
36.459127247863556
10.880458724219434
18.198465815435405
3.9877395016430484
31.880902464628512
40.9749520259985
21.307125685462008
71.89609701802024
39.974861013645715
34.665674161985564
36.587579121749584
52.84509114770459
45.43103906528047
12.213924247975628
36.182994105507824
50.8339951181473
37.981746873219365
26.695953816299802
18.331906714486983
41.59545400379925
31.918691744113417
0.0
12.638332450626532
43.7162961661413
24.466125647113792
36.07654457492209
29.601853148632124
0.0
0.0
37.35498648616903
33.05899464933148
21.50707729962458
54.799131642419084
5.168884189284569
61.75037166148793
0.0
31.21514172094961
51.77392015407988
6.555650259713445
31.38448400704046
31.572814930130804
50.65936096213312
40.37705821185812
25.63996087351262
34.958877081329064
31.60862819353502
0.0
45.78655012221828
28.186641323349097
43.967290461418294
33.053589453824365
20.666572398079317
17.699449100126508
42.009866808456174
48.412337474218255
20.082679606106478
24.872772561673617
37.0567427306999
35.481036501232644
31.25717549644248
34.99108047582423
17.460270842131276
23.272425912481342
18.658709244529888
10.7014605123139
30.619808330733058
0.559240648624602
0.0
29.60704764855125
45.89878530318646
38.90654120721575
24.90190487363905
31.627405025927253
