27.968115579235413
26.90970479843992
29.378936354299874
29.07897093342013
31.124231744481843
25.09626241856208
29.712498943139323
26.419312744848998
28.611986870356624
30.46490993653407
29.99360755564628
30.885655838104945
30.79371973257679
26.39278544583518
32.0894098209065
25.154462163085768
29.28920594807228
29.874494232185302
27.7914443405704
30.57624371735357
29.432187941308946
34.184412116982365
30.988185144632276
27.97362797822532
28.96401798074086
25.810061241981018
29.01903822575163
31.362242164395884
24.6868318387233
25.44625586484713
31.29324960083166
31.60510249189779
22.97950451145921
28.307280452532197
22.2782931357562
30.363774939060146
27.037665446631173
26.39452914563226
27.992110107546512
27.417671229929102
24.01520513237781
27.89699849768434
29.418311382673213
23.896944146729698
24.526534328294215
28.168994497980542
28.075508768209716
26.641424212978137
26.663610490698833
32.503173722523286
27.660552427714848
24.83440342191944
30.71483869174773
26.332466489506686
21.01907892686305
25.963666207042774
30.587859089814785
24.82110160532546
28.845132556464314
26.250715259110386
23.622936598419614
28.65424417019183
24.22978837041326
30.06416233187241
28.499606687890996
27.84660542357487
29.988232528091523
28.369089959755254
27.985018986180144
26.397555643363265
30.405809151343732
27.298452835941962
27.17665390885371
27.11474228615153
27.331491070146658
25.831356823542812
34.918575978821565
27.462841679884015
26.285102612505078
20.992288664240167
26.39569543489838
21.708107153639958
29.78729630130562
29.065658739512372
26.8512215022481
28.404160669422094
28.62937643108982
26.323058885334696
24.156381475288875
27.160044716505745
28.20070468607156
28.620217730315623
27.915899879141183
24.149960114765207
25.298232241258738
28.879216126975788
25.276007945577508
27.08690550329647
30.57913882807624
24.81049156611083
24.944492726438657
34.55987350259605
28.434790745734922
20.41867863130259
34.2590671728243
29.20515133991525
25.947896766956895
40.44709646865891
25.636251200766882
15.207654099418628
34.20236865804254
28.1586512371683
32.63301947353217
33.640061027910384
32.36359341295667
40.64370391552001
19.893567839588933
27.00817075492006
22.770802177176165
29.863585608241507
25.945006726859596
29.798451560752213
26.377189176530468
28.532282941145723
36.90476259516733
30.830898661732913
32.06792360032481
29.99078809364141
23.59612096273038
25.425622735534372
21.872941157086284
28.84623189783265
31.119744288175145
26.20278770304102
38.85003053618058
30.86972153508695
29.542424822171913
30.022901062112915
34.08727906860167
32.233766047995644
23.92948734366943
29.921754808052476
33.58450506121235
30.371442999980363
27.54999473575047
25.458982960297266
31.274869782625334
28.855679217703877
18.752655590501597
24.035589394332156
31.805080323210845
26.99253769345397
29.895142425406043
28.27646956883355
19.87268837377322
20.217144385551162
30.21475290321778
29.140754944008393
26.252775606581665
34.57578919228029
22.168227328996664
36.3135991970475
18.30730259637677
28.679791711912923
33.819486320195494
22.514918846603884
28.722127283435636
28.769210014208223
33.5408465222088
30.97027083464005
27.285996500053677
29.61572555200779
28.778163330059275
19.478646634881645
32.32264381223009
27.922666612512796
31.867828897030094
29.139403645131612
26.04264938119535
25.300868556707147
31.378472983789564
32.979090650230084
25.89667618320214
27.094199422093926
30.140191964350496
29.74626540698368
28.69030015578614
29.62377640063158
25.241073992208342
26.694112759795857
25.540683592807994
23.551371409753997
28.530958364358785
21.01581644383167
20.429607015114073
28.277768193813333
32.35070260747214
30.60264158347946
27.101482500085286
28.782857538157334
