27.968115579235413
26.90970479843992
29.378936354299874
29.07897093342013
31.124231744481843
25.09626241856208
29.712498943139323
26.419312744848998
28.611986870356624
30.46490993653407
29.99360755564628
30.885655838104945
30.79371973257679
26.39278544583518
32.0894098209065
25.154462163085768
29.28920594807228
29.874494232185302
27.7914443405704
30.57624371735357
29.432187941308946
34.184412116982365
30.988185144632276
27.97362797822532
28.96401798074086
25.810061241981018
29.01903822575163
31.362242164395884
24.6868318387233
25.44625586484713
31.29324960083166
31.60510249189779
22.97950451145921
28.307280452532197
22.2782931357562
30.363774939060146
27.037665446631173
26.39452914563226
27.992110107546512
27.417671229929102
24.01520513237781
27.89699849768434
29.418311382673213
23.896944146729698
24.526534328294215
28.168994497980542
28.075508768209716
26.641424212978137
26.663610490698833
32.503173722523286
27.660552427714848
24.83440342191944
30.71483869174773
26.332466489506686
21.01907892686305
25.963666207042774
30.587859089814785
24.82110160532546
28.845132556464314
26.250715259110386
23.622936598419614
28.65424417019183
24.22978837041326
30.06416233187241
28.499606687890996
27.84660542357487
29.988232528091523
28.369089959755254
27.985018986180144
26.397555643363265
30.405809151343732
27.298452835941962
27.17665390885371
27.11474228615153
27.331491070146658
25.831356823542812
34.918575978821565
27.462841679884015
26.285102612505078
20.992288664240167
26.39569543489838
21.708107153639958
29.78729630130562
29.065658739512372
26.8512215022481
28.404160669422094
28.62937643108982
26.323058885334696
24.156381475288875
27.160044716505745
28.20070468607156
28.620217730315623
27.915899879141183
24.149960114765207
25.298232241258738
28.879216126975788
25.276007945577508
27.08690550329647
30.57913882807624
24.81049156611083
23.981098621173533
36.80160632271672
28.634829313568556
17.946679827658784
36.400531216354395
29.661976772475658
25.31897067519785
44.65123694413387
24.90344325361117
10.99864711848016
36.324933196645375
28.266643302146388
34.23246761729821
35.57518968980251
33.87323286986421
44.91338020661533
17.246532105373902
26.7326693258154
21.082844555490208
30.539889130244
25.31511728840145
30.453043733591606
25.891360554629284
28.76481890744962
39.928125112811756
31.829639868232544
33.47900645302174
30.709492444110538
22.18326960289583
24.622605299967823
19.885696528703704
29.183417516365523
32.21476737015552
25.658825256643354
42.521815700829436
31.881403699371255
30.111674748817872
30.75230973540588
36.171480410724214
33.70012971658284
22.62775811081456
30.61744806332529
35.50111506753845
31.21703231922914
27.455101300255954
24.66708559965168
32.421601362755766
29.196013942860493
15.725315773257455
22.769227511698197
33.128548750203116
26.711825243860616
30.581964886463382
28.423734411033394
17.21869281761962
17.677967499990206
31.008112190212362
29.576114911266515
25.725475794697545
36.822827242295716
20.27941142458421
39.139907248651994
15.131511781091016
28.961497268472556
35.814423412849315
20.741666781393835
29.017944697169504
29.080721671532952
35.44290368220039
32.01546943210872
27.103103652660224
30.209409055265706
29.092659426001024
16.69330383243085
33.81863340222878
27.951997135939052
33.21221351529545
29.574313179430806
25.445307494182458
24.456266394864855
32.559738964308075
34.69389585289544
25.250676563524845
26.847374215380558
30.908697605055988
30.383462195233566
28.975508526970177
30.22014352009743
24.376540308866446
26.313925332316465
24.776019776332646
22.123603532260653
28.763052805067037
18.742863577697555
17.961251006074086
28.425465911006437
33.856045129218174
31.525297097227938
26.8570849860357
29.09891837013177
