27.968115579235413
26.90970479843992
29.378936354299874
29.07897093342013
31.124231744481843
25.09626241856208
29.712498943139323
26.419312744848998
28.611986870356624
30.46490993653407
29.99360755564628
30.885655838104945
30.79371973257679
26.39278544583518
32.0894098209065
25.154462163085768
29.28920594807228
29.874494232185302
27.7914443405704
30.57624371735357
29.432187941308946
34.184412116982365
30.988185144632276
27.97362797822532
28.96401798074086
25.810061241981018
29.01903822575163
31.362242164395884
24.6868318387233
25.44625586484713
31.29324960083166
31.60510249189779
22.97950451145921
28.307280452532197
22.2782931357562
30.363774939060146
27.037665446631173
26.39452914563226
27.992110107546512
27.417671229929102
24.01520513237781
27.89699849768434
29.418311382673213
23.896944146729698
24.526534328294215
28.168994497980542
28.075508768209716
26.641424212978137
26.663610490698833
32.503173722523286
27.660552427714848
24.83440342191944
30.71483869174773
26.332466489506686
21.01907892686305
25.963666207042774
30.587859089814785
24.82110160532546
28.845132556464314
26.250715259110386
23.622936598419614
28.65424417019183
24.22978837041326
30.06416233187241
28.499606687890996
27.84660542357487
29.988232528091523
28.369089959755254
27.985018986180144
26.397555643363265
30.405809151343732
27.298452835941962
27.17665390885371
27.11474228615153
27.331491070146658
25.831356823542812
34.918575978821565
27.462841679884015
26.285102612505078
20.992288664240167
26.39569543489838
21.708107153639958
29.78729630130562
29.065658739512372
26.8512215022481
28.404160669422094
28.62937643108982
26.323058885334696
24.156381475288875
27.160044716505745
28.20070468607156
28.620217730315623
27.915899879141183
24.149960114765207
25.298232241258738
28.879216126975788
25.276007945577508
27.08690550329647
30.57913882807624
24.81049156611083
24.366456263279584
35.90491319466845
28.554813886435102
18.935479349116306
35.54394559894236
29.479246599451496
25.57054111190147
42.96958075394389
25.196566432473453
12.682249910855548
35.475907381204244
28.223446476155154
33.592688359791794
34.80113822504566
33.2693770871012
43.2055096901772
18.305346399059914
26.842869897457263
21.758027604164592
30.269367721443004
25.567073063784708
30.19120686445585
26.085692003389756
28.671804520928063
38.718780105753986
31.430143385632693
32.914573311942966
30.422010703922886
22.74841014682965
24.943812274194443
20.680594380056736
29.048543268952372
31.77675813736337
25.87641023520242
41.05310163496989
31.476730833657534
29.88397477815949
30.460546266088695
35.3377998738752
33.11358424914796
23.14844980395651
30.339170761216167
34.73447106500801
30.87879659152963
27.49305867445376
24.983844543909917
31.962908730703596
29.059880052797844
16.93625170015511
23.27577226475178
32.59916137940621
26.824110223697957
30.307235902040446
28.36482847415346
18.280291040081057
18.69363825421459
30.69076847541453
29.401970924363265
25.936395719451195
35.924012022289546
21.03493778634919
38.009384028010196
16.40182810720532
28.848815045848703
35.016448575787784
21.450967607477853
28.899617731675956
28.956117008603062
34.68208081820376
31.597389993121258
27.176260791617604
29.97193565396254
28.966860987624326
17.80744095341117
33.2202375662293
27.94026492656855
32.67445966798931
29.40034936571113
25.684244248987614
24.794107259601773
32.087232572100675
34.0079737718293
25.509076411395764
26.946104298065904
30.601295348773792
30.128583479933614
28.861425178496564
29.981596672311092
24.722353782203204
26.466000303308224
25.081885302922785
22.69471068325799
28.670215028783737
19.6520447241512
18.948593409690083
28.366386824129197
33.25390812051976
31.15623489172855
26.954843991655537
28.972494037341995
