27.968115579235413
26.90970479843992
29.378936354299874
29.07897093342013
31.124231744481843
25.09626241856208
29.712498943139323
26.419312744848998
28.611986870356624
30.46490993653407
29.99360755564628
30.885655838104945
30.79371973257679
26.39278544583518
32.0894098209065
25.154462163085768
29.28920594807228
29.874494232185302
27.7914443405704
30.57624371735357
29.432187941308946
34.184412116982365
30.988185144632276
27.97362797822532
28.96401798074086
25.810061241981018
29.01903822575163
31.362242164395884
24.6868318387233
25.44625586484713
31.29324960083166
31.60510249189779
22.97950451145921
28.307280452532197
22.2782931357562
30.363774939060146
27.037665446631173
26.39452914563226
27.992110107546512
27.417671229929102
24.01520513237781
27.89699849768434
29.418311382673213
23.896944146729698
24.526534328294215
28.168994497980542
28.075508768209716
26.641424212978137
26.663610490698833
32.503173722523286
27.660552427714848
24.83440342191944
30.71483869174773
26.332466489506686
21.01907892686305
25.963666207042774
30.587859089814785
24.82110160532546
28.845132556464314
26.250715259110386
23.622936598419614
28.65424417019183
24.22978837041326
30.06416233187241
28.499606687890996
27.84660542357487
29.988232528091523
28.369089959755254
27.985018986180144
26.397555643363265
30.405809151343732
27.298452835941962
27.17665390885371
27.11474228615153
27.331491070146658
25.831356823542812
34.918575978821565
27.462841679884015
26.285102612505078
20.992288664240167
26.39569543489838
21.708107153639958
29.78729630130562
29.065658739512372
26.8512215022481
28.404160669422094
28.62937643108982
26.323058885334696
24.156381475288875
27.160044716505745
28.20070468607156
28.620217730315623
27.915899879141183
24.149960114765207
25.298232241258738
28.879216126975788
25.276007945577508
27.08690550329647
30.57913882807624
24.81049156611083
25.522529189597734
33.21483381052364
28.314767605034746
21.90187791348888
32.97418874670625
28.931056080379008
26.325252422012323
37.92461218337394
26.07593596906031
17.73305828798171
32.92882993488084
28.093855998181446
31.67335058727254
32.478983830775114
31.457809738812138
38.08189814086281
21.48178928011795
27.17347161238285
23.783576750187738
29.45780349504001
26.32294038993448
29.405696257048575
26.66868634967118
28.392761361363384
35.09074508458067
30.231653937833137
31.221273888706655
29.559565483359933
24.44383177863111
25.907433196874305
23.065287934115833
28.643920526712925
30.462730438986924
26.529165170879626
36.64695943739127
30.262712236516364
29.200874866184336
29.58525585813714
32.83675826332814
31.35394784684332
24.710524883382348
29.504338854888786
32.434539057416686
29.864089408431095
27.606930797047184
25.93412137668462
30.586830834547072
28.651478382609906
20.569059480848086
24.79540652391253
31.01099926701548
27.16096516320998
29.48304894877164
28.188110663513648
21.46508570746538
21.740650516887737
29.738737331021028
28.87953896365352
26.569155493712138
33.22756636227104
23.30151687164414
34.61781436608481
20.212777085548222
28.510768377977143
32.6225240646032
23.57887008572991
28.544636835195316
28.582303019813384
32.39961222621385
30.343151676158847
27.395732208489747
29.259515450053037
28.589465672494228
21.149852316352124
31.42505005823088
27.905068298457042
31.06119812607088
28.878457924552094
26.401054513403086
25.807629853812525
30.669713395478457
31.950207528630873
26.284275955008518
27.242294546121947
29.679088579927203
29.36394733403375
28.51917513307572
29.26595612895207
25.759794202213477
26.92222521628349
25.9994818826932
24.408032136250004
28.391701699933833
22.379588163512143
21.910620620538065
28.189149563497473
31.447497094424513
30.049048275230373
27.248121008515035
28.593221038972672
