27.968115579235413
26.90970479843992
29.378936354299874
29.07897093342013
31.124231744481843
25.09626241856208
29.712498943139323
26.419312744848998
28.611986870356624
30.46490993653407
29.99360755564628
30.885655838104945
30.79371973257679
26.39278544583518
32.0894098209065
25.154462163085768
29.28920594807228
29.874494232185302
27.7914443405704
30.57624371735357
29.432187941308946
34.184412116982365
30.988185144632276
27.97362797822532
28.96401798074086
25.810061241981018
29.01903822575163
31.362242164395884
24.6868318387233
25.44625586484713
31.29324960083166
31.60510249189779
22.97950451145921
28.307280452532197
22.2782931357562
30.363774939060146
27.037665446631173
26.39452914563226
27.992110107546512
27.417671229929102
24.01520513237781
27.89699849768434
29.418311382673213
23.896944146729698
24.526534328294215
28.168994497980542
28.075508768209716
26.641424212978137
26.663610490698833
32.503173722523286
27.660552427714848
24.83440342191944
30.71483869174773
26.332466489506686
21.01907892686305
25.963666207042774
30.587859089814785
24.82110160532546
28.845132556464314
26.250715259110386
23.622936598419614
28.65424417019183
24.22978837041326
30.06416233187241
28.499606687890996
27.84660542357487
29.988232528091523
28.369089959755254
27.985018986180144
26.397555643363265
30.405809151343732
27.298452835941962
27.17665390885371
27.11474228615153
27.331491070146658
25.831356823542812
34.918575978821565
27.462841679884015
26.285102612505078
20.992288664240167
26.39569543489838
21.708107153639958
29.78729630130562
29.065658739512372
26.8512215022481
28.404160669422094
28.62937643108982
26.323058885334696
24.156381475288875
27.160044716505745
28.20070468607156
28.620217730315623
27.915899879141183
24.149960114765207
25.298232241258738
28.879216126975788
25.276007945577508
27.08690550329647
30.57913882807624
24.81049156611083
25.715208010650755
32.76648724649951
28.27475989146802
22.396277674217643
32.54589593800023
28.839690993866924
26.45103764036413
37.08378408827895
26.222497558491455
18.5748596841694
32.50431702716027
28.072257585185827
31.35346095851933
32.09195809839669
31.15588184743063
37.227962882643745
22.011196426960957
27.228571898203782
24.121168274524926
29.322542790639513
26.44891827762611
29.274777822480697
26.765852074051416
28.346254168102604
34.48607258105178
30.03190569653321
30.93905731816727
29.41582461326611
24.72640205059802
26.068036683987614
23.46273685979235
28.57648340300635
30.243725822590847
26.63795766015916
35.9126024044615
30.060375803659504
29.087024880855143
29.439374123478547
32.419917994903635
31.06067511312588
24.970870729953322
29.365200203834224
32.051217056151465
29.69497154458134
27.625909484146085
26.09250084881374
30.357484518520984
28.583411437578583
21.174527444296913
25.04867890043932
30.74630558161703
27.21710765312865
29.345684456560175
28.15865769507368
21.9958848186961
22.248485893999927
29.580065473622113
28.792466970201897
26.67461545608896
32.778158752267956
23.67928005252663
34.05255275576391
20.84793524860537
28.45442726666522
32.22353664607243
23.93352049877192
28.48547335244854
28.52000068834844
32.01920079421553
30.134111956665112
27.432310777968436
29.140778749401452
28.526566453305875
21.706920876842283
31.125852140231142
27.899202193771792
30.79232120241781
28.791476017692258
26.520522890805665
25.976550286180984
30.433460199374757
31.607246488097804
26.413475878943977
27.29165958746462
29.525387451786106
29.236507976383773
28.46213345883891
29.1466827050589
25.932700938881858
26.99826270177937
26.15241464598827
24.69358571174867
28.345282811792185
22.834178736738966
22.40429182234606
28.159610020058853
31.146428590075306
29.864517172480678
27.29700051132495
28.53000887257779
